8.640236424687247618e-01 6.889097225637945687e-01
8.656245983684887069e-01 6.870245461014945487e-01
8.676377684802369927e-01 6.843630551151828056e-01
8.698736819964341116e-01 6.810520324084156085e-01
8.721883321063552685e-01 6.772208519990979836e-01
8.744762189399650776e-01 6.729933731836952315e-01
8.766628305754554651e-01 6.684812238756761005e-01
8.786974628541692756e-01 6.637794385692701304e-01
8.805471513770756209e-01 6.589646768898373974e-01
8.821921718536074319e-01 6.540956448827434100e-01
8.836231560153666731e-01 6.492150125881855915e-01
8.848394891007091978e-01 6.443520777301633418e-01
8.858484092350248362e-01 6.395255799052191881e-01
8.866641820505323235e-01 6.347463012268215188e-01
8.873068735468052637e-01 6.300192974323146622e-01
8.878005248145933725e-01 6.253457366012593610e-01
8.881708400071438581e-01 6.207243778590889605e-01
8.884427313750205002e-01 6.161527261291853685e-01
8.886381575203412542e-01 6.116278842470432853e-01
8.887746339848530130e-01 6.071471145476894371e-01
8.888646288869763712e-01 6.027081277618040467e-01
8.889158465787618812e-01 5.983091350541406284e-01
8.889322141994883131e-01 5.939487206195680491e-01
8.889152645759466065e-01 5.896256082173085833e-01
8.888655726267280510e-01 5.853383990293614669e-01
8.887839461779035721e-01 5.810853481438291723e-01
8.886721743030477905e-01 5.768642249728841431e-01
8.885332662601629350e-01 5.726722747716521678e-01
8.883712389424130995e-01 5.685062718052582564e-01
8.881906024015185919e-01 5.643626367399541266e-01
8.879957344728738322e-01 5.602375854396709487e-01
8.877903246404460491e-01 5.561272826268438552e-01
8.875770157165577823e-01 5.520279864210890786e-01
8.873572999046808185e-01 5.479361811241653113e-01
8.871316547695690113e-01 5.438486996650834238e-01
8.868998509771408578e-01 5.397628319617371329e-01
8.866613358751400664e-01 5.356764042750460364e-01
8.864155958803786595e-01 5.315878041543710131e-01
8.861624213799078609e-01 5.274959229471336553e-01
8.859020322519787216e-01 5.233999974363054974e-01
8.856350606065266362e-01 5.192993536826775447e-01
8.853624207883263875e-01 5.151930846796473062e-01
8.850851181157364245e-01 5.110797210457412865e-01
8.848040539167787433e-01 5.069569719354155568e-01
8.845198760185583042e-01 5.028216141794584759e-01
8.842329052398578693e-01 4.986695870410290388e-01
8.839431456705088008e-01 4.944963084169237133e-01
8.836503654789241713e-01 4.902971725857293017e-01
8.833542200349042695e-01 4.860681327818394126e-01
8.830543825615622122e-01 4.818062309760545725e-01
8.827506496191800389e-01 4.775099281697205433e-01
8.824429980600482226e-01 4.731791198185992253e-01
8.821315839630674560e-01 4.688147893871830729e-01
8.818166889779087692e-01 4.644183430263466028e-01
8.814986319662588832e-01 4.599907567370192796e-01
8.811776711031574782e-01 4.555317302018750403e-01
8.808539224016046498e-01 4.510390607074507563e-01
8.805273152605205267e-01 4.465084181015839260e-01
8.801975957388279426e-01 4.419336206034637504e-01
8.798643762366019638e-01 4.373073956179121535e-01
8.795272187822602561e-01 4.326224835966192561e-01
8.791857306861051713e-01 4.278728375306897203e-01
8.788396478877827933e-01 4.230546174713733509e-01
8.784888838933446742e-01 4.181667009652281219e-01
8.781335304022256372e-01 4.132105299710019941e-01
8.777738077262428051e-01 4.081892728000357518e-01
8.774099759508159346e-01 4.031064566481816214e-01
8.770422282199569208e-01 3.979643754345362772e-01
8.766705928896123545e-01 3.927626584210255900e-01
8.762948702182599137e-01 3.874973740646406872e-01
8.759146218835690556e-01 3.821609388867724388e-01
8.755292194252256577e-01 3.767429217290801935e-01
8.751379432666351876e-01 3.712316159945712180e-01
8.747401104939104277e-01 3.656160453996815662e-01
8.743352004641109509e-01 3.598879260590752693e-01
8.739229453630588118e-01 3.540430748480885570e-01
8.735033592980799844e-01 3.480818526911231836e-01
8.730766934467000251e-01 3.420084481303009016e-01
8.726433230225955073e-01 3.358290917961715416e-01
8.722035897876688759e-01 3.295495738861751733e-01
8.717576368737468551e-01 3.231726406802765128e-01
8.713052773109311033e-01 3.166959178840589861e-01
8.708459323835963106e-01 3.101109250447973698e-01
8.703786613946212780e-01 3.034035175508144055e-01
8.699022832683310780e-01 2.965557633076820743e-01
8.694155670388521440e-01 2.895488988195509261e-01
8.689174482175429093e-01 2.823667003324328295e-01
8.684072170059127238e-01 2.749984372225861562e-01
8.678846265130689686e-01 2.674406103141852564e-01
8.673498855270825869e-01 2.596969306577605607e-01
8.668035278171432045e-01 2.517764141566452563e-01
8.662461816634755563e-01 2.436899494602835781e-01
8.656782909633023992e-01 2.354461125131041277e-01
8.650998553947234493e-01 2.270472390103342730e-01
8.645102572101729388e-01 2.184867608679877393e-01
8.639082255587199333e-01 2.097485593880006050e-01
8.632919587861945798e-01 2.008086364753665087e-01
8.626593870341027204e-01 1.916388501967390412e-01
8.620085200565026362e-01 1.822119255958905282e-01
8.613377979260620210e-01 1.725065692904208525e-01
8.606463535639199414e-01 1.625114009483270006e-01
8.599341104075663988e-01 1.522266246250984223e-01
8.592016746469636201e-01 1.416628713719573218e-01
8.584500314740780569e-01 1.308373352724656324e-01
8.576801062988332891e-01 1.197680216929086078e-01
8.568922914939721691e-01 1.084674455481460242e-01
8.560860562891710046e-01 9.693732212354688738e-02
8.552597465123999987e-01 8.516562695531806892e-02
8.544106426613811145e-01 7.312689449278959863e-02
8.535352859273257486e-01 6.078588224353077135e-02
8.526300142365755841e-01 4.810390771804137766e-02
8.516915899863284345e-01 3.504646127078494405e-02
8.507177647938607423e-01 2.159029680486776806e-02
8.497076274546552233e-01 7.728238325700922950e-03
8.486616238014494940e-01 -6.529559243373070712e-03
8.475812137239777666e-01 -2.115829992939792514e-02
8.464682227939137604e-01 -3.612460340644631229e-02
8.453240296650729180e-01 -5.139449498609442030e-02
8.441487832635414801e-01 -6.694141356217321592e-02
8.429408511032540074e-01 -8.275232420042666348e-02
8.416966580102119844e-01 -9.883048804454315495e-02
8.404109901504182023e-01 -1.151942399114117832e-01
8.390777290488288243e-01 -1.318720561212605169e-01
8.376908681639020360e-01 -1.488950466788698246e-01
8.362455783852486002e-01 -1.662885825060452794e-01
8.347390543519656037e-01 -1.840649317862043388e-01
8.331709064148808963e-01 -2.022184840643158343e-01
8.315429616669752777e-01 -2.207244606272052434e-01
8.298584803423443290e-01 -2.395411339541348161e-01
8.281209449680998480e-01 -2.586147610272845898e-01
8.263326989966272018e-01 -2.778859065992287936e-01
8.244937672682288721e-01 -2.972957178837244974e-01
8.226011666878468853e-01 -3.167909872501381008e-01
8.206489147371887061e-01 -3.363273526000906122e-01
8.186287856943722518e-01 -3.558705297168051618e-01
8.165316830090911804e-01 -3.753958717348375163e-01
8.143493332007547547e-01 -3.948867232095663038e-01
8.120759051142381058e-01 -4.143319981378968397e-01
8.097091515846426280e-01 -4.337232545897752312e-01
8.072507693105899218e-01 -4.530513809081501697e-01
8.047058576045759137e-01 -4.723029483148993846e-01
8.020815806745236198e-01 -4.914563727023459339e-01
7.993853405175050941e-01 -5.104782534159274521e-01
7.966228937813910616e-01 -5.293205452171751979e-01
7.937968642704470446e-01 -5.479194460408816081e-01
7.909060111659437231e-01 -5.661969002338947954e-01
7.879454361390068051e-01 -5.840653068592001063e-01
7.849076925757613177e-01 -6.014353611668420418e-01
7.817845471803621660e-01 -6.182260626135778203e-01
7.785689874849326397e-01 -6.343750532768221984e-01
7.752570076248391784e-01 -6.498469320060845655e-01
7.718487583080186898e-01 -6.646372885142450837e-01
7.683488053464136991e-01 -6.787709980672015364e-01
7.647654638398183602e-01 -6.922946455397092080e-01
7.611094006724310468e-01 -7.052644393600339123e-01
7.573918638236680767e-01 -7.177321925614534859e-01
7.536229608136245650e-01 -7.297325357336674756e-01
7.498103615662375931e-01 -7.412743244947449517e-01
7.459586670899492900e-01 -7.523382712377080228e-01
7.420695091180161684e-01 -7.628814024060318610e-01
7.381422754809653375e-01 -7.728473557671602379e-01
7.341752301798608604e-01 -7.821801544498494518e-01
7.301667383007484080e-01 -7.908382570479800533e-01
7.261163190594229766e-01 -7.988056106345422513e-01
7.220253246055398089e-01 -8.060971734480003592e-01
7.178971541943848234e-01 -8.127577540353450036e-01
7.137370316901153755e-01 -8.188546669200433836e-01
7.095514679143981596e-01 -8.244661751952859774e-01
7.053475761648362319e-01 -8.296685834380939095e-01
7.011324035752765083e-01 -8.345249576467611563e-01
6.969123944875607046e-01 -8.390778224515146322e-01
6.926930378407779587e-01 -8.433470578096803338e-01
6.884786934492687083e-01 -8.473329208454232209e-01
6.842725585168053515e-01 -8.510229744576622846e-01
6.800767294192499035e-01 -8.544009505938643390e-01
6.758923266642797856e-01 -8.574553376153121187e-01
6.717196693327097679e-01 -8.601857656217910542e-01
6.675584969517244227e-01 -8.626059678937919584e-01
6.634082356406751924e-01 -8.647430261305892873e-01
6.592682928798566655e-01 -8.666335175980275363e-01
6.551383480201803389e-01 -8.683178443361782017e-01
6.510185920203370724e-01 -8.698342919653757610e-01
6.469098667295858363e-01 -8.712142166126815024e-01
6.428136648132303232e-01 -8.724792905739791049e-01
6.387319755733273929e-01 -8.736411198922882093e-01
6.346669948955908636e-01 -8.747029572701889855e-01
6.306207514772681488e-01 -8.756628053829232927e-01
6.265947267028335599e-01 -8.765170060945193242e-01
6.225895532733186633e-01 -8.772634440222187857e-01
6.186048633964489341e-01 -8.779037138746832447e-01
6.146393231637904409e-01 -8.784439348466221986e-01
6.106908447180107169e-01 -8.788942529819829819e-01
6.067569250662417923e-01 -8.792673686823286872e-01
6.028350323554257928e-01 -8.795765992000018629e-01
5.989229543211846973e-01 -8.798340104643955772e-01
5.950190393154423107e-01 -8.800490458418944728e-01
5.911222912416540520e-01 -8.802278898982834887e-01
5.872323160124425234e-01 -8.803735938854645449e-01
5.833491491696088938e-01 -8.804868105037847448e-01
5.794730151846919641e-01 -8.805668731301341534e-01
5.756040755417470844e-01 -8.806129213179019199e-01
5.717422155122825478e-01 -8.806248130906811911e-01
5.678869021774241022e-01 -8.806036552226369496e-01
5.640371245381273768e-01 -8.805518976784291185e-01
5.601914070792697320e-01 -8.804730482383339440e-01
5.563478763873505040e-01 -8.803711429804811361e-01
5.525043587537378231e-01 -8.802501427839518611e-01
5.486584933801630370e-01 -8.801134138212823865e-01
5.448078555766260322e-01 -8.799634020410020963e-01
5.409500907314463980e-01 -8.798015462764813277e-01
5.370830582376531215e-01 -8.796284110208885121e-01
5.332049746373138666e-01 -8.794439725890327297e-01
5.293145313726076440e-01 -8.792479687184527881e-01
5.254109520181170501e-01 -8.790402222052111636e-01
5.214939537287293092e-01 -8.788208694607608784e-01
5.175635914511373947e-01 -8.785904574109898446e-01
5.136199897022981631e-01 -8.783499081237726713e-01
5.096629992005634602e-01 -8.781003814756249692e-01
5.056918453776942934e-01 -8.778430856127150683e-01
5.017048535652121055e-01 -8.775790899083553143e-01
4.976993341325987585e-01 -8.773091864597373224e-01
4.936716864518087000e-01 -8.770338279914590141e-01
4.896177348847686739e-01 -8.767531480344975536e-01
4.855332509781342676e-01 -8.764670489771958506e-01
4.814145577601367521e-01 -8.761753292169787155e-01
4.772590719872913945e-01 -8.758778144679464361e-01
4.730656341037496326e-01 -8.755744606926806339e-01
4.688345112321542496e-01 -8.752654058186369879e-01
4.645670310555268800e-01 -8.749509616704362891e-01
4.602648971250035137e-01 -8.746315528269176243e-01
4.559293247701544649e-01 -8.743076217464041955e-01
4.515601972970803013e-01 -8.739795266753757064e-01
4.471554571474019024e-01 -8.736474592540089956e-01
4.427109092670356016e-01 -8.733114027365093124e-01
4.382205286639582198e-01 -8.729711411080055550e-01
4.336772464822621909e-01 -8.726263166614811606e-01
4.290740637995051898e-01 -8.722765216125614174e-01
4.244052408341257854e-01 -8.719214007109247211e-01
4.196672619553649120e-01 -8.715607385962128584e-01
4.148593044616458725e-01 -8.711945088290127259e-01
4.099830430730646569e-01 -8.708228706214418136e-01
4.050417811150119896e-01 -8.704461122501929715e-01
4.000390738349516861e-01 -8.700645537676574559e-01
3.949771530546187237e-01 -8.696784324719186721e-01
3.898555364579456839e-01 -8.692877998956058949e-01
3.846701875478242272e-01 -8.688924574576485371e-01
3.794134831737583369e-01 -8.684919496233103331e-01
3.740750643555729726e-01 -8.680856201092761459e-01
3.686434298484445038e-01 -8.676727211409901441e-01
3.631079297202562950e-01 -8.672525515229794202e-01
3.574606813067954802e-01 -8.668245899608649774e-01
3.516979062510940390e-01 -8.663885885974270673e-01
3.458202942594905127e-01 -8.659445993011458675e-01
3.398322204218926501e-01 -8.654929206650809892e-01
3.337399270106415350e-01 -8.650339733672395282e-01
3.275490548804952384e-01 -8.645681305200397793e-01
3.212621017145426694e-01 -8.640955429470519311e-01
3.148764428092074019e-01 -8.636160034174323874e-01
3.083834553107430154e-01 -8.631288873596483224e-01
3.017690531597215786e-01 -8.626331913987829170e-01
2.950156121242406559e-01 -8.621276682516976209e-01
2.881049114020712842e-01 -8.616110318513229283e-01
2.810214249254142649e-01 -8.610821859665613864e-01
2.737551451866795382e-01 -8.605404189315591923e-01
2.663031732630889437e-01 -8.599855105627997043e-01
2.586695691156012944e-01 -8.594177156227517100e-01
2.508633730065075729e-01 -8.588376176573788712e-01
2.428951777983099636e-01 -8.582458804291669408e-01
2.347730285604646139e-01 -8.576429527045152934e-01
2.264986437155529220e-01 -8.570287981569494340e-01
2.180649310002480690e-01 -8.564027210784944666e-01
2.094555097482543593e-01 -8.557633399197372981e-01
2.006465001231135525e-01 -8.551087277538031994e-01
1.916102940578777170e-01 -8.544366982042777003e-01
1.823205041574168517e-01 -8.537451762187940885e-01
1.727569264880509659e-01 -8.530325653149023468e-01
1.629092605640428681e-01 -8.522980152545339694e-01
1.527785572543237658e-01 -8.515415110105356566e-01
1.423758801778755301e-01 -8.507637434119335040e-01
1.317183491150761832e-01 -8.499657752699354418e-01
1.208234100529682331e-01 -8.491485707889965262e-01
1.097026679268546662e-01 -8.483124966233848152e-01
9.835679591538276645e-02 -8.474569191399056178e-01
8.677284944085532359e-02 -8.465800089743961143e-01
7.492479761610729150e-02 -8.456788219207415080e-01
6.277734507994386925e-02 -8.447496618944113633e-01
5.029231182579466802e-02 -8.437886600668645931e-01
3.743615722747550834e-02 -8.427924412622792572e-01
2.418686165242887182e-02 -8.417587122308418657e-01
1.053844368665773218e-02 -8.406866101522837420e-01
-3.498086618111647880e-03 -8.395766976667480286e-01
-1.789767298754098290e-02 -8.384305740006712249e-01
-3.262741131604843248e-02 -8.372501700208142550e-01
-4.765453116885995377e-02 -8.360368824391680720e-01
-6.295424309376751459e-02 -8.347907553606100928e-01
-7.851557139712916911e-02 -8.335099211137710906e-01
-9.434378478161674353e-02 -8.321904637508391600e-01
-1.104588479960623704e-01 -8.308267762307692816e-01
-1.268902472104851964e-01 -8.294123644676477669e-01
-1.436693761975637029e-01 -8.279409339487957542e-01
-1.608212186782679298e-01 -8.264075069322901479e-01
-1.783571918566490555e-01 -8.248092869022820572e-01
-1.962706891876576099e-01 -8.231460272451921467e-01
-2.145361585624542544e-01 -8.214197696376560609e-01
-2.331116695734528066e-01 -8.196339705540328646e-01
-2.519441138712651962e-01 -8.177921930388640792e-01
-2.709756724879682777e-01 -8.158966636498540259e-01
-2.901500907717848299e-01 -8.139470484218020996e-01
-3.094175952725696233e-01 -8.119397710596379936e-01
-3.287378146321658368e-01 -8.098680850386575925e-01
-3.480806247021304145e-01 -8.077229403952312925e-01
-3.674252548644321714e-01 -8.054944916580815129e-01
-3.867581828685586198e-01 -8.031739209630929244e-01
-4.060703219949480802e-01 -8.007551464239779371e-01
-4.253538504413871824e-01 -7.982359854787802744e-01
-4.445988595577218816e-01 -7.956184564436040718e-01
-4.637899033762380441e-01 -7.929081061027024591e-01
-4.829025744802942222e-01 -7.901124945720096049e-01
-5.019004111582653360e-01 -7.872391848270251513e-01
-5.207326951695427919e-01 -7.842937148395633384e-01
-5.393339096044423853e-01 -7.812780422283128745e-01
-5.576256467530670280e-01 -7.781898440250500926e-01
-5.755214679857934001e-01 -7.750228553907049234e-01
-5.929345955554925496e-01 -7.717681874997234237e-01
-6.097874750954032086e-01 -7.684163315322178889e-01
-6.260214388421259102e-01 -7.649593871425450775e-01
-6.416042363339443666e-01 -7.613929932409608803e-01
-6.565333314033032774e-01 -7.577175068847386008e-01
-6.708336583394678421e-01 -7.539381601639681962e-01
-6.845498170523547365e-01 -7.500641785802341088e-01
-6.977341097608662501e-01 -7.461070982936424123e-01
-7.104329626177703361e-01 -7.420787040142351465e-01
-7.226748027865663726e-01 -7.379890774671937770e-01
-7.344622275625010133e-01 -7.338451884366690159e-01
-7.457703668821369369e-01 -7.296503025298997080e-01
-7.565519304208179197e-01 -7.254042709565725611e-01
-7.667478726075710460e-01 -7.211045623020151396e-01
-7.763012651215313031e-01 -7.167477406838990150e-01
-7.851711675464112528e-01 -7.123310189586724572e-01
-7.933432577870087599e-01 -7.078535306957420836e-01
-8.008347674685049045e-01 -7.033170612827169821e-01
-8.076926812775846454e-01 -6.987261289262478581e-01
-8.139858244376066976e-01 -6.940874696161528634e-01
-8.197929165016033526e-01 -6.894091131552493312e-01
-8.251895211277541220e-01 -6.846993077752973056e-01
-8.302368799142237910e-01 -6.799655472497567743e-01
-8.349749387261028444e-01 -6.752138884907762373e-01
-8.394207077057762589e-01 -6.704486475270722279e-01
-8.435717805965893268e-01 -6.656724601831470745e-01
-8.474136966656299341e-01 -6.608866166945279730e-01
-8.509290942703771066e-01 -6.560915400414872867e-01
-8.541063993328751325e-01 -6.512872762152939199e-01
-8.569461163394699321e-01 -6.464738922189157133e-01
-8.594635333046953818e-01 -6.416517215286861031e-01
-8.616876124150754102e-01 -6.368214439713527630e-01
-8.636567636063686715e-01 -6.319840267062500905e-01
-8.654128570270105403e-01 -6.271405781317691552e-01
-8.669950783683454398e-01 -6.222921743801406169e-01
-8.684350530570784654e-01 -6.174397103218570715e-01
-8.697541665093930785e-01 -6.125838086809479721e-01
-8.709633638063108974e-01 -6.077247984287145188e-01
-8.720651044623559667e-01 -6.028627530121242195e-01
-8.730567120452450425e-01 -5.979975642373197564e-01
-8.739341621109506519e-01 -5.931290205767529855e-01
-8.746953981933172084e-01 -5.882568593101255017e-01
-8.753425074961506125e-01 -5.833807692082826346e-01
-8.758824458757055176e-01 -5.785003329266259486e-01
-8.763263808369571306e-01 -5.736149141183854994e-01
-8.766880311546427773e-01 -5.687235112889278410e-01
-8.769815571506931473e-01 -5.638246155960251471e-01
-8.772195723841108572e-01 -5.589161192467299033e-01
-8.774117256049306368e-01 -5.539953204779677343e-01
-8.775640942721508742e-01 -5.490590568489529533e-01
-8.776794029513959039e-01 -5.441039701799315065e-01
-8.777578885431153166e-01 -5.391268682660584899e-01
-8.777985159227869039e-01 -5.341251101001134316e-01
-8.778002150124892822e-01 -5.290969156218807701e-01
-8.777628562926346190e-01 -5.240414997308020517e-01
-8.776877846153673390e-01 -5.189589591100702837e-01
-8.775778605187466441e-01 -5.138498956788037919e-01
-8.774370811762769451e-01 -5.087148295740929749e-01
-8.772699413683093805e-01 -5.035535194770872636e-01
-8.770807315640417601e-01 -4.983643507157850538e-01
-8.768729537420653086e-01 -4.931439582716670711e-01
-8.766489784431880095e-01 -4.878872163930557670e-01
-8.764099896319573757e-01 -4.825876517731799709e-01
-8.761561890624972593e-01 -4.772382357551903653e-01
-8.758871757755629650e-01 -4.718324047245378572e-01
-8.756023881146263177e-01 -4.663650749731005352e-01
-8.753014966941311537e-01 -4.608333864944829661e-01
-8.749846625846807724e-01 -4.552369469074647457e-01
-8.746526169721792199e-01 -4.495774511420921327e-01
-8.743065657596695850e-01 -4.438577029175280186e-01
-8.739479638667523309e-01 -4.380802230607671044e-01
-8.735782304099573015e-01 -4.322457554355133014e-01
-8.731984828653586161e-01 -4.263520389471869287e-01
-8.728093561868515149e-01 -4.203931844938038065e-01
-8.724109465178527811e-01 -4.143598785552689012e-01
-8.720028859526660625e-01 -4.082404494227764302e-01
-8.715845226348163388e-01 -4.020226149720749209e-01
-8.711551561557507872e-01 -3.956955334967288129e-01
-8.707142666022824606e-01 -3.892516571225778654e-01
-8.702616789292930699e-01 -3.826878853707985639e-01
-8.697976216868177346e-01 -3.760056507120878577e-01
-8.693226663264621568e-01 -3.692098153196701205e-01
-8.688375636490592857e-01 -3.623065591271646957e-01
-8.683430198852783999e-01 -3.553007149040703361e-01
-8.678394701087485119e-01 -3.481931823086574229e-01
-8.673269077188617837e-01 -3.409790808948912066e-01
-8.668048156146292982e-01 -3.336471683590560566e-01
-8.662722205010304766e-01 -3.261807772296257957e-01
-8.657278618052666186e-01 -3.185601641434571141e-01
-8.651704374718971469e-01 -3.107657984325167821e-01
-8.645988672847543244e-01 -3.027818316888287731e-01
-8.640125061825992825e-01 -2.945988719521590582e-01
-8.634112485492029254e-01 -2.862152876324883244e-01
-8.627954888712594528e-01 -2.776365836365946027e-01
-8.621659391952368745e-01 -2.688728576064767228e-01
-8.615233408643846458e-01 -2.599348411168548867e-01
-8.608681375493387744e-01 -2.508294282311349654e-01
-8.602001908406232689e-01 -2.415557852910203973e-01
-8.595186145595011817e-01 -2.321030657994411495e-01
-8.588217797346618942e-01 -2.224504279678841123e-01
-8.581075032982513617e-01 -2.125695317107350601e-01
-8.573733878964899802e-01 -2.024290846864952587e-01
-8.566172382197322355e-01 -1.920004530655825548e-01
-8.558374520984197709e-01 -1.812629988553778881e-01
-8.550332813610613814e-01 -1.702077684144163439e-01
-8.542048818403195076e-01 -1.588384801317285766e-01
-8.533531201070266858e-01 -1.471693862713061018e-01
-8.524791653493540844e-01 -1.352203626275242931e-01
-8.515839528178279494e-01 -1.230103056448534488e-01
-8.506676451746200129e-01 -1.105503968804757986e-01
-8.497292290131375214e-01 -9.783890285389806873e-02
-8.487663615260987449e-01 -8.485888273595837417e-02
-8.477755297554031566e-01 -7.157953794990808138e-02
-8.467525117028993353e-01 -5.796109152701942741e-02
-8.456930501728978644e-01 -4.396221642283043574e-02
-8.445935856529132035e-01 -2.954834868622515515e-02
-8.434518627923461853e-01 -1.469891223801756200e-02
-8.422672392579199085e-01 5.883380765158135323e-04
-8.410405876217526000e-01 1.629699033605545161e-02
-8.397737781250724787e-01 3.239581983331210613e-02
-8.384688387560245149e-01 4.884591488821973804e-02
-8.371269805857805002e-01 6.560937903740050869e-02
-8.357477260271369834e-01 8.265753069492445815e-02
-8.343283711186476603e-01 9.997667135846174946e-02
-8.328639485543689602e-01 1.175701036854152892e-01
-8.313477471741717029e-01 1.354559799883174320e-01
-8.297723082652070925e-01 1.536615269773152770e-01
-8.281306898533608019e-01 1.722150008256463360e-01
-8.264177009862155865e-01 1.911371948604046189e-01
-8.246307876105375412e-01 2.104343426209540624e-01
-8.227703137873155770e-01 2.300938308898776430e-01
-8.208391179452013686e-01 2.500833820030352594e-01
-8.188414021944920851e-01 2.703535041648656434e-01
-8.167811876590715947e-01 2.908422984298172920e-01
-8.146606941457720241e-01 3.114813492120759308e-01
-8.124790448130621012e-01 3.322014752257707593e-01
-8.102316427543299060e-01 3.529374883536570695e-01
-8.079104251721856977e-01 3.736316005094005854e-01
-8.055049998000538558e-01 3.942355199114615516e-01
-8.030044502402323703e-01 4.147114525622334069e-01
-8.003994139617357506e-01 4.350321624183904334e-01
-7.976839399535923247e-01 4.551800487428191988e-01
-7.948566578361251356e-01 4.751450292633533357e-01
-7.919209411516693331e-01 4.949210105406057214e-01
-7.888839911115671510e-01 5.145009444653854125e-01
-7.857550387525797930e-01 5.338708797523258331e-01
-7.825430880621720986e-01 5.530039069891039549e-01
-7.792547393605183670e-01 5.718553048198051769e-01
-7.758926130407721722e-01 5.903603540349460221e-01
-7.724547482232629880e-01 6.084360606062890753e-01
-7.689351185300445923e-01 6.259873652717099501e-01
-7.653251442854804854e-01 6.429173923347206721e-01
-7.616158471832104038e-01 6.591401303919888210e-01
-7.578001434626994159e-01 6.745929853243384233e-01
-7.538747420055944559e-01 6.892462578840596876e-01
-7.498412148476025774e-01 7.031070036962253633e-01
-7.457060160598520948e-01 7.162159158743678367e-01
-7.414794860121546316e-01 7.286375400888152054e-01
-7.371741201455993542e-01 7.404458152421303785e-01
-7.328025393799036946e-01 7.517081411660920809e-01
-7.283756360628511617e-01 7.624715726866917453e-01
-7.239012861708111757e-01 7.727542397397459961e-01
-7.193838499170477352e-01 7.825438517679323969e-01
-7.148244812475760268e-01 7.918034846374319979e-01
-7.102220838869416353e-01 8.004831651072688015e-01
-7.055746266849007853e-01 8.085344470476065748e-01
-7.008804846316785131e-01 8.159245236106378307e-01
-6.961395057858440483e-01 8.226466067320139519e-01
-6.913536031329414744e-01 8.287242960064465924e-01
-6.865268050699475655e-01 8.342091998922485097e-01
-6.816648324399993131e-01 8.391727432502119610e-01
-6.767743695387326008e-01 8.436944358406364142e-01
-6.718622392235675811e-01 8.478495398404697347e-01
-6.669346749169020594e-01 8.516989396343477292e-01
-6.619968199756786076e-01 8.552832074603687884e-01
-6.570525036189078794e-01 8.586216679996097056e-01
-6.521042686981073366e-01 8.617160391900048344e-01
-6.471535778887445023e-01 8.645572567496648819e-01
-6.422011070399158417e-01 8.671335558863498827e-01
-6.372470427262532100e-01 8.694378431127517404e-01
-6.322913252824258201e-01 8.714727941013006296e-01
-6.273338080616552848e-01 8.732528249663734643e-01
-6.223743303234986479e-01 8.748029123476847024e-01
-6.174127206184093497e-01 8.761549744898815550e-01
-6.124487584159062914e-01 8.773429997023096671e-01
-6.074821245157486782e-01 8.783982320468070037e-01
-6.025123668567360369e-01 8.793455130376127693e-01
-5.975388993607441135e-01 8.802014369086971213e-01
-5.925610392301094986e-01 8.809744534855545872e-01
-5.875780747231604817e-01 8.816665873154829747e-01
-5.825893433218610751e-01 8.822761314160825208e-01
-5.775942921089265436e-01 8.828005597347923228e-01
-5.725924906206786291e-01 8.832389749501454723e-01
-5.675835730385715427e-01 8.835936219505862166e-01
-5.625671013124463604e-01 8.838702847413920649e-01
-5.575423616741205235e-01 8.840776708436640652e-01
-5.525081300627393555e-01 8.842261058853068123e-01
-5.474624617507442004e-01 8.843259689340319252e-01
-5.424025705991889490e-01 8.843862863661303697e-01
-5.373248579467855279e-01 8.844137916611812811e-01
-5.322251265675673748e-01 8.844125950269121628e-01
-5.270989726174917234e-01 8.843844397118517664e-01
-5.219422958405558477e-01 8.843293910388592138e-01
-5.167518196307619993e-01 8.842467319331848152e-01
-5.115254848125836418e-01 8.841358295749847107e-01
-5.062625880620473806e-01 8.839967824810252006e-01
-5.009635823968169310e-01 8.838307375961005352e-01
-4.956295353808397586e-01 8.836398602145457692e-01
-4.902613319639576028e-01 8.834270230850221894e-01
-4.848587891138174677e-01 8.831953367960763135e-01
-4.794198959506749125e-01 8.829476620428378109e-01
-4.739403904131206380e-01 8.826862266223082232e-01
-4.684138264186732403e-01 8.824124259595995667e-01
-4.628321808366353540e-01 8.821268304360534440e-01
-4.571869165461502904e-01 8.818293705494248957e-01
-4.514702866122223268e-01 8.815196331060696222e-01
-4.456765713620347014e-01 8.811971841513724923e-01
-4.398029174714019884e-01 8.808618380470004672e-01
-4.338495131897591728e-01 8.805138136603529730e-01
-4.278189792311377637e-01 8.801537515536038692e-01
-4.217150480907851384e-01 8.797826020019045012e-01
-4.155407965809258530e-01 8.794014241588890002e-01
-4.092968363016662448e-01 8.790111550829446951e-01
-4.029799157936408971e-01 8.786124103805063035e-01
-3.965823282458991739e-01 8.782053665277032017e-01
-3.900923553840049407e-01 8.777897523243720634e-01
-3.834957400149499041e-01 8.773649491209498663e-01
-3.767779157392049383e-01 8.769301726883861337e-01
-3.699264964097498387e-01 8.764846896424154377e-01
-3.629334059835819803e-01 8.760280126385449062e-01
-3.557960599118185629e-01 8.755600233860769688e-01
-3.485172027662419292e-01 8.750809901526687140e-01
-3.411033256985340767e-01 8.745914728485799650e-01
-3.335619525980380584e-01 8.740921374890230355e-01
-3.258983985885545720e-01 8.735835255601497318e-01
-3.181127835133776838e-01 8.730658365788676045e-01
-3.101980756634841185e-01 8.725387807877585944e-01
-3.021397410116444804e-01 8.720015436665651265e-01
-2.939172172428222707e-01 8.714528779805539305e-01
-2.855069921554583279e-01 8.708913078982942757e-01
-2.768866404759552369e-01 8.703154001952234653e-01
-2.680388699170215272e-01 8.697240369714360764e-01
-2.589545400704343359e-01 8.691166187221908146e-01
-2.496337948267985940e-01 8.684931389990130368e-01
-2.400848690077791170e-01 8.678541006952500414e-01
-2.303206981335927939e-01 8.672002828181263334e-01
-2.203540329240998574e-01 8.665324058706549426e-01
-2.101921870658684799e-01 8.658507735553393481e-01
-1.998327142620565100e-01 8.651549805668219406e-01
-1.892611680911125693e-01 8.644437669267993618e-01
-1.784516650236150359e-01 8.637150694121707994e-01
-1.673703298256332961e-01 8.629662753798664765e-01
-1.559809880262218451e-01 8.621946329057927905e-01
-1.442518506111168108e-01 8.613977257414142663e-01
-1.321615825352827622e-01 8.605738949238803670e-01
-1.197031847659254244e-01 8.597224908133934695e-01
-1.068845793200974698e-01 8.588438729185057241e-01
-9.372557441194109829e-02 8.579391340366598895e-01
-8.025180151914575177e-02 8.570095956977219487e-01
-6.648701071315520073e-02 8.560561852453120180e-01
-5.244557084360791654e-02 8.550788441249195238e-01
-3.812702873651449553e-02 8.540761210659332248e-01
-2.351413716225981068e-02 8.530450700718212875e-01
-8.574970809724292292e-03 8.519815070031682147e-01
6.731208678650785551e-03 8.508805928949063624e-01
2.244558728713125922e-02 8.497376255974885551e-01
3.860082485330339208e-02 8.485488555468319039e-01
5.521356666712629729e-02 8.473121164693638852e-01
7.228021445377010024e-02 8.460270896341516300e-01
8.977694792090774867e-02 8.446950992933486280e-01
1.076639415514758086e-01 8.433184503514234986e-01
1.258926990013138347e-01 8.418994388784825089e-01
1.444147110309353665e-01 8.404392605397293936e-01
1.631894126433064973e-01 8.389370859168476802e-01
1.821896973190065550e-01 8.373895516880528467e-01
2.014039225241889275e-01 8.357908337150703471e-01
2.208342044799105897e-01 8.341333371045359657e-01
2.404916271279142481e-01 8.324088860948735125e-01
2.603895935566973296e-01 8.306101586240779433e-01
2.805368109778384467e-01 8.287320243295499544e-01
3.009312914591832366e-01 8.267724402422764740e-01
3.215563303294439734e-01 8.247326459671797672e-01
3.423788355220008239e-01 8.226165636109857848e-01
3.633498157301370823e-01 8.204295066022326832e-01
3.844064717834711487e-01 8.181764827009457841e-01
4.054752694196664398e-01 8.158604908826979640e-01
4.264755687876404244e-01 8.134812286393398040e-01
4.473236925521248408e-01 8.110345394883897718e-01
4.679375249303763251e-01 8.085127573401705847e-01
4.882416925612329539e-01 8.059058798896737708e-01
5.081730627968922276e-01 8.032032742682319038e-01
5.276858396223106373e-01 8.003954373506975140e-01
5.467551750308274894e-01 7.974752502097525175e-01
5.653781660278167642e-01 7.944382169952286521e-01
5.835714744997722025e-01 7.912813729267300644e-01
6.013655136471695029e-01 7.880008610631227262e-01
6.187959701640950438e-01 7.845885575533857459e-01
6.358941071379443644e-01 7.810284895511379055e-01
6.526776131289360183e-01 7.772940442537976669e-01
6.691436566756868709e-01 7.733470177245942434e-01
6.852653388779734733e-01 7.691393275881515113e-01
7.009920620564158433e-01 7.646176994180826636e-01
7.162536193910256088e-01 7.597309073673643720e-01
7.309671964729450577e-01 7.544383821988368544e-01
7.450460501316681361e-01 7.487184395673019965e-01
